# astro_proto level  ─ ゲーム内エディタ（F4）の F6 で保存 / F5 で読み直し
# 手で書き換えても構いません。'#' 以降はコメント、行の順番は自由です。
version 1

# box  cx cy cz  hx hy hz  kind   (0=床 1=段差 2=壁 3=動く床 4=サブパス 5=ゲート 9=遠景)
box     0.000   -0.500    0.000     9.000   0.500   9.000   0   # [0]
box    -3.000    0.175   10.500     4.000   0.175   1.200   1   # [1]
box     0.000    0.350   13.000     4.000   0.350   1.200   1   # [2]
box     0.000    0.525   15.500     4.000   0.525   1.200   1   # [3]
box     0.000    0.550   22.000     8.000   0.550   6.000   0   # [4]
box    -5.500    5.600   21.000     2.000   0.300   2.000   4   # [5]
box   -11.500    0.800   21.000     3.500   0.300   3.500   0   # [6]
box   -14.500    2.600   18.400     0.600   1.500   1.800   2   # [7]
box   -14.500    2.600   23.600     0.600   1.500   1.800   2   # [8]
box   -14.500    2.100   21.000     0.750   1.000   0.800   3   # [9]
box   -18.500    0.800   21.000     3.500   0.300   3.000   0   # [10]
box   -18.500    2.600   17.600     3.500   1.500   0.600   2   # [11]
box   -18.500    2.600   24.400     3.500   1.500   0.600   2   # [12]
box   -21.600    2.600   21.000     0.600   1.500   3.000   2   # [13]
box    -5.000    3.100   27.000     3.000   2.000   0.500   2   # [14]
box     5.000    3.100   27.000     3.000   2.000   0.500   2   # [15]
box     0.000    0.800   32.000     1.600   0.300   1.600   0   # [16]
box     0.000    1.100   38.000     1.600   0.300   1.600   0   # [17]
box     0.000    1.400   44.500     1.600   0.300   1.600   0   # [18]
box    -4.500    1.500   51.500     2.000   0.300   2.000   3   # [19]
box     0.000    0.500   60.000     7.000   0.500   6.000   0   # [20]
box     3.900    1.900   63.500     0.400   0.900   2.000   2   # [21]
box     5.500    1.900   61.600     1.600   0.900   0.400   5   # [22]
box     0.000    4.300   62.000     1.500   4.300   1.500   2   # [23]
box     3.300    1.400   62.000     1.200   0.150   1.200   1   # [24]
box     2.481    2.200   64.176     1.200   0.150   1.200   1   # [25]
box     0.430    3.000   65.272     1.200   0.150   1.200   1   # [26]
box    -1.834    3.800   64.744     1.200   0.150   1.200   1   # [27]
box    -3.188    4.600   62.853     1.200   0.150   1.200   1   # [28]
box    -2.959    5.400   60.540     1.200   0.150   1.200   1   # [29]
box    -1.262    6.200   58.951     1.200   0.150   1.200   1   # [30]
box     1.062    7.000   58.876     1.200   0.150   1.200   1   # [31]
box     2.859    7.800   60.351     1.200   0.150   1.200   1   # [32]
box     3.236    8.600   62.645     1.200   0.150   1.200   1   # [33]
box     0.000    8.850   62.000     3.000   0.200   3.000   0   # [34]
box    11.000    1.000   20.000     1.500   0.250   1.500   4   # [35]
box    15.000    1.800   22.500     1.500   0.250   1.500   4   # [36]
box    18.500    2.600   19.500     1.500   0.250   1.500   4   # [37]
box    22.000    3.400   22.000     3.000   0.400   3.000   4   # [38]
box    20.000    2.900   30.000     2.000   0.300   2.000   4   # [39]
box    15.500    2.300   35.500     2.000   0.300   2.000   4   # [40]
box    10.000    1.850   40.500     2.000   0.300   2.000   4   # [41]
box     5.000    1.550   44.500     2.000   0.300   2.000   4   # [42]
box   -46.000    6.000   30.000     6.000  14.000  24.000   9   # [43]
box    52.000    4.000   44.000     8.000  12.000  30.000   9   # [44]
box   -20.000    2.000   95.000    24.000  10.000   8.000   9   # [45]
box    26.000    8.000  110.000    14.000  20.000   8.000   9   # [46]
box     0.000   -1.000  130.000    70.000   2.000  20.000   9   # [47]

# platform  boxIndex  ax ay az  bx by bz  speed
platform  19     -4.500    1.500   51.500      4.500    1.500   51.500    3.000

# coin  x y z
coin     0.000    0.800    2.000
coin     0.000    0.800    4.000
coin     0.000    0.800    6.000
coin     0.000    0.800    8.000
coin     0.000    1.200   10.500
coin     0.000    1.550   13.000
coin     0.000    1.900   15.500
coin    -5.500    6.400   20.000
coin    -5.500    6.400   21.000
coin    -5.500    6.400   22.000
coin    -6.294    6.049   24.949
coin    -7.735    5.801   28.370
coin    -9.204    5.237   31.742
coin   -10.275    4.609   35.241
coin   -10.507    4.034   38.898
coin    -9.575    3.616   42.465
coin    -8.211    3.312   45.913
coin    -6.629    3.168   49.278
coin    -4.949    3.211   52.596
coin    -3.133    2.665   55.794
coin   -17.500    1.900   21.000
coin   -18.500    1.900   21.000
coin   -19.500    1.900   21.000
coin   -20.500    1.900   21.000
coin     0.000    1.800   25.500
coin     0.000    1.800   27.800
coin     0.000    2.000   30.500
coin     0.000    2.100   32.000
coin     0.000    2.200   33.500
coin     0.000    2.300   36.500
coin     0.000    2.400   38.000
coin     0.000    2.500   39.500
coin     0.000    2.600   47.000
coin     0.000    2.600   48.250
coin     0.000    2.600   49.500
coin     0.000    5.500   47.500
coin     0.000    5.500   50.667
coin     0.000    5.500   53.833
coin     0.000    5.500   57.000
coin     5.500    1.600   63.000
coin     5.500    1.600   63.667
coin     5.500    1.600   64.333
coin     5.500    1.600   65.000
coin     3.300    2.450   62.000
coin     2.481    3.250   64.176
coin     0.430    4.050   65.272
coin    -1.834    4.850   64.744
coin    -3.188    5.650   62.853
coin    -2.959    6.450   60.540
coin    -1.262    7.250   58.951
coin     1.062    8.050   58.876
coin     2.859    8.850   60.351
coin     3.236    9.650   62.645
coin    11.000    2.000   20.000
coin    13.200    2.480   20.400
coin    15.400    2.960   20.800
coin    17.600    3.440   21.200
coin    19.800    3.920   21.600
coin    22.000    4.400   22.000
coin    20.000    3.800   30.000
coin    17.000    3.540   32.900
coin    14.000    3.280   35.800
coin    11.000    3.020   38.700
coin     8.000    2.760   41.600
coin     5.000    2.500   44.500

# bot  x y z
bot    -5.500    6.500   21.000
bot   -19.500    2.100   21.000
bot     6.500    1.700   27.850
bot    22.000    4.500   22.000

# target  x y z  hx hy hz  floating  hp
target     3.500    0.500    4.000    0.500  0.500  0.500   0  1
target    -3.500    0.500    6.000    0.500  0.500  0.500   0  1
target     0.000    1.600   19.000    0.500  0.500  0.500   0  1
target    -5.000    1.600   24.000    0.500  0.500  0.500   0  1
target     0.000   -1.200   35.000    0.500  0.500  0.500   1  2
target     0.000   -1.200   41.500    0.500  0.500  0.500   1  2
target     0.000   -1.200   48.000    0.500  0.500  0.500   1  2

# spring  x y z  power   (power=0 なら params.springPower)
spring    -5.500    1.350   25.200    0.000

# button  px py pz  gateBoxIndex  closed(x y z)  open(x y z)
button    -5.000    1.150   57.500   22      5.500    1.900   61.600      5.500   -0.300   61.600

# slide  radius exitBoost sub  n   x y z  x y z ...   (制御点だけ。中心線は読込時に生成)
slide   1.600  1.000 8  11     -5.500    6.600   22.600    -6.500    6.500   25.500    -8.000    6.200   29.000   -10.000    5.300   34.000   -10.500    4.500   39.000    -9.000    3.950   44.000    -7.000    3.650   48.500    -5.000    3.700   52.500    -3.000    3.100   56.000    -1.000    2.400   58.500     0.000    2.000   60.000

# anchor  x y z  kind(0=固定 1=引っ張れる)  boxIndex
anchor   -14.500    3.450   21.000   1  9
anchor     0.000    8.500   47.500   0  -1
anchor     0.000    9.000   52.500   0  -1
anchor     0.000    8.500   57.000   0  -1

# enemy  ax ay az  bx by bz  speed   (speed=0 なら params.enemySpeed)
enemy     6.000    1.550   17.500      6.000    1.550   26.500    0.000
enemy    -3.500    1.450   56.000     -3.500    1.450   64.000    0.000

# pickup  x y z  type  (1=Dash 2=Wire 3=Rocket 4=Mouse 5=Sponge 6=Monkey)
pickup    -6.500    1.100    3.000   1
pickup    -7.000    1.700   21.000   2

# checkpoint  x y z   (1つ目がスタート地点)
checkpoint     0.000    1.200    0.000
checkpoint     0.000    2.000   20.000
checkpoint     0.000    2.200   32.000
checkpoint     0.000    2.500   44.500
checkpoint     0.000    2.000   58.000

goal     0.000    9.050   62.000
